RMSE: 927.0716889957667
MAE: 809.9500122070312
MAPE: 6.894299312003079 %
