RMSE: 96.69892024575401
MAE: 52.72683830334189
MAPE: 1.565841704489707%
