RMSE: 70.8865110881707
MAE: 34.3870635650818
MAPE: 3.07621324008027%
