RMSE: 375.24526088450006
MAE: 222.53002979965856
MAPE: 2.528382410587776%
